(14~{S},27~{R})-22,33-dimethoxy-13,28-dimethyl-2,5,7,20-tetraoxa-13,28-diazaocta
83
O
O
O
O
O
O
N
N
C
C
C
C
C
C
C
C
C
C
C
C
C
C
C
C
C
C
C
C
C
C
C
C
C
C
C
C
C
C
C
C
C
C
C
C
C
H
H
H
H
H
H
H
H
H
H
H
H
H
H
H
H
H
H
H
H
H
H
H
H
H
H
H
H
H
H
H
H
H
H
H
H
H
H
0 19
0 25
1 22
1 34
2 26
2 34
3 31
3 43
4 37
4 40
5 42
5 44
6 8
6 12
6 24
7 10
7 16
7 29
8 9
8 15
8 45
9 11
9 19
9 19
10 14
10 20
10 46
11 13
11 21
11 21
12 13
12 47
12 48
13 49
13 50
14 17
14 23
14 23
15 27
15 51
15 52
16 18
16 53
16 54
17 18
17 28
17 28
18 55
18 56
19 22
20 30
20 57
20 58
21 26
21 59
22 26
22 26
23 25
23 60
24 61
24 62
24 63
25 31
25 31
27 32
27 32
27 33
28 31
28 64
29 65
29 66
29 67
30 35
30 35
30 36
32 38
32 68
33 39
33 39
33 69
34 70
34 71
35 37
35 72
36 41
36 41
36 73
37 42
37 42
38 40
38 40
38 74
39 40
39 75
41 42
41 76
43 77
43 78
43 79
44 80
44 81
44 82
