(2~{R},17~{R})-2,17-diethynyl-13-methyl-1,3,4,6,7,8,9,11,12,14,15,16-dodecahydro
52
O
O
C
C
C
C
C
C
C
C
C
C
C
C
C
C
C
C
C
C
C
C
C
C
H
H
H
H
H
H
H
H
H
H
H
H
H
H
H
H
H
H
H
H
H
H
H
H
H
H
H
H
0 6
0 46
1 19
1 50
2 3
2 6
2 7
2 13
3 4
3 8
3 24
4 5
4 11
4 25
5 9
5 12
5 26
6 10
6 18
7 9
7 27
7 28
8 10
8 29
8 30
9 31
9 32
10 33
10 34
11 14
11 35
11 36
12 15
12 15
12 16
13 37
13 38
13 39
14 15
14 40
14 41
15 17
16 19
16 42
16 43
17 20
17 44
17 45
18 22
18 22
18 22
19 20
19 21
20 47
20 48
21 23
21 23
21 23
22 49
23 51
