(6'-acetyloxy-5-nitro-3-oxospiro[2-benzofuran-1,9'-xanthene]-3'-yl)acetate
49
O
O
O
O
O
O
O
O
O
N
C
C
C
C
C
C
C
C
C
C
C
C
C
C
C
C
C
C
C
C
C
C
C
C
H
H
H
H
H
H
H
H
H
H
H
H
H
H
H
0 10
0 17
1 15
1 16
2 17
2 17
3 28
3 30
4 29
4 31
5 9
6 9
6 9
7 30
7 30
8 31
8 31
9 25
10 11
10 12
10 13
11 14
11 14
11 18
12 15
12 15
12 19
13 16
13 16
13 20
14 17
14 21
15 22
16 23
18 24
18 24
18 34
19 26
19 26
19 35
20 27
20 27
20 36
21 25
21 25
21 37
22 28
22 28
22 38
23 29
23 29
23 39
24 25
24 40
26 28
26 41
27 29
27 42
30 33
31 32
32 44
32 45
32 46
33 43
33 47
33 48
