1-[4-(2-hydroxynaphthalen-1-yl)-6-pyren-2-yl-1,3,5-triazin-2-yl]naphthalen-2-ol
67
O
O
N
N
N
C
C
C
C
C
C
C
C
C
C
C
C
C
C
C
C
C
C
C
C
C
C
C
C
C
C
C
C
C
C
C
C
C
C
C
C
C
C
C
H
H
H
H
H
H
H
H
H
H
H
H
H
H
H
H
H
H
H
H
H
H
H
0 30
0 65
1 31
1 66
2 20
2 20
2 22
3 20
3 23
3 23
4 22
4 22
4 23
5 6
5 7
5 7
5 8
6 9
6 9
6 10
7 12
7 14
8 13
8 13
8 15
9 16
9 18
10 17
10 19
10 19
11 12
11 12
11 13
11 20
12 44
13 45
14 17
14 17
14 46
15 16
15 16
15 47
16 48
17 49
18 21
18 21
18 50
19 21
19 51
21 52
22 24
23 25
24 26
24 30
24 30
25 27
25 31
25 31
26 28
26 32
26 32
27 29
27 33
27 33
28 34
28 38
28 38
29 35
29 39
29 39
30 36
31 37
32 40
32 53
33 41
33 54
34 36
34 36
34 55
35 37
35 37
35 56
36 57
37 58
38 42
38 59
39 43
39 60
40 42
40 42
40 61
41 43
41 43
41 62
42 63
43 64
