1-ethyl-2-[3-(1-ethylquinolin-1-ium-2-yl)prop-2-enylidene]quinoline;4-methylbenz
70
S
O
O
O
N
N
C
C
C
C
C
C
C
C
C
C
C
C
C
C
C
C
C
C
C
C
C
C
C
C
C
C
C
C
C
C
C
C
H
H
H
H
H
H
H
H
H
H
H
H
H
H
H
H
H
H
H
H
H
H
H
H
H
H
H
H
H
H
H
H
0 1
0 2
0 2
0 3
0 3
0 31
4 6
4 8
4 8
4 10
5 7
5 9
5 12
6 11
6 20
6 20
7 13
7 21
7 21
8 14
8 18
9 15
9 19
9 19
10 25
10 38
10 39
11 16
11 22
11 22
12 26
12 40
12 41
13 17
13 24
13 24
14 16
14 16
14 42
15 17
15 17
15 43
16 44
17 45
18 23
18 23
18 46
19 23
19 47
20 27
20 48
21 28
21 49
22 29
22 50
23 51
24 30
24 52
25 53
25 54
25 55
26 56
26 57
26 58
27 29
27 29
27 59
28 30
28 30
28 60
29 61
30 62
31 33
31 33
31 34
32 35
32 35
32 36
32 37
33 35
33 63
34 36
34 36
34 64
35 65
36 66
37 67
37 68
37 69
