1-methyl-2-[2-[(1-methylbenzo[e][1,3]benzothiazol-1-ium-2-yl)methylidene]butylid
59
Cl
S
S
N
N
C
C
C
C
C
C
C
C
C
C
C
C
C
C
C
C
C
C
C
C
C
C
C
C
C
C
C
C
C
H
H
H
H
H
H
H
H
H
H
H
H
H
H
H
H
H
H
H
H
H
H
H
H
H
1 9
1 10
2 11
2 12
3 5
3 10
3 10
3 22
4 6
4 11
4 24
5 7
5 9
5 9
6 8
6 12
6 12
7 14
7 25
7 25
8 15
8 26
8 26
9 18
10 16
11 17
11 17
12 19
13 16
13 16
13 17
13 20
14 21
14 27
14 27
15 23
15 28
15 28
16 34
17 35
18 21
18 21
18 36
19 23
19 23
19 37
20 33
20 38
20 39
21 40
22 41
22 42
22 43
23 44
24 45
24 46
24 47
25 29
25 48
26 30
26 49
27 31
27 50
28 32
28 51
29 31
29 31
29 52
30 32
30 32
30 53
31 54
32 55
33 56
33 57
33 58
