1-phenyl-4-[4-[4-(4-phenylphenyl)phenyl]phenyl]benzene
62
C
C
C
C
C
C
C
C
C
C
C
C
C
C
C
C
C
C
C
C
C
C
C
C
C
C
C
C
C
C
C
C
C
C
C
C
H
H
H
H
H
H
H
H
H
H
H
H
H
H
H
H
H
H
H
H
H
H
H
H
H
H
0 1
0 6
0 6
0 8
1 7
1 7
1 9
2 4
2 10
2 10
2 13
3 5
3 11
3 11
3 12
4 16
4 16
4 18
5 17
5 17
5 19
6 10
6 36
7 11
7 37
8 13
8 13
8 38
9 12
9 12
9 39
10 40
11 41
12 43
13 42
14 21
14 21
14 23
14 25
15 20
15 20
15 22
15 24
16 20
16 45
17 21
17 44
18 22
18 22
18 46
19 23
19 23
19 47
20 48
21 49
22 50
23 51
24 26
24 26
24 28
25 27
25 27
25 29
26 30
26 52
27 31
27 53
28 32
28 32
28 54
29 33
29 33
29 55
30 34
30 34
30 56
31 35
31 35
31 57
32 34
32 58
33 35
33 59
34 61
35 60
