2,4,5-trihydroxy-7-methyl-1-(2,4,5-trihydroxy-7-methyl-9,10-dioxoanthracen-1-yl)
58
O
O
O
O
O
O
O
O
O
O
C
C
C
C
C
C
C
C
C
C
C
C
C
C
C
C
C
C
C
C
C
C
C
C
C
C
C
C
C
C
H
H
H
H
H
H
H
H
H
H
H
H
H
H
H
H
H
H
0 22
0 46
1 23
1 47
2 26
2 54
3 27
3 55
4 18
4 18
5 19
5 19
6 25
6 25
7 24
7 24
8 32
8 56
9 33
9 57
10 11
10 12
10 12
10 22
11 13
11 13
11 23
12 14
12 18
13 15
13 19
14 25
14 26
14 26
15 24
15 27
15 27
16 18
16 20
16 30
16 30
17 19
17 21
17 31
17 31
20 25
20 32
20 32
21 24
21 33
21 33
22 28
22 28
23 29
23 29
26 28
27 29
28 40
29 41
30 34
30 43
31 35
31 42
32 36
33 37
34 36
34 36
34 38
35 37
35 37
35 39
36 44
37 45
38 48
38 49
38 50
39 51
39 52
39 53
