2-(2,6-diphenyl-4-pyrrolidin-1-ylcyclohexyl)pyridine
59
N
N
C
C
C
C
C
C
C
C
C
C
C
C
C
C
C
C
C
C
C
C
C
C
C
C
C
C
C
H
H
H
H
H
H
H
H
H
H
H
H
H
H
H
H
H
H
H
H
H
H
H
H
H
H
H
H
H
H
0 2
0 8
0 9
1 14
1 25
1 25
2 6
2 7
2 29
3 4
3 5
3 14
3 30
4 6
4 10
4 31
5 7
5 11
5 32
6 33
6 36
7 34
7 35
8 13
8 37
8 38
9 12
9 39
9 40
10 15
10 15
10 18
11 16
11 16
11 17
12 13
12 41
12 42
13 43
13 44
14 19
14 19
15 20
15 45
16 21
16 46
17 23
17 23
17 48
18 22
18 22
18 47
19 24
19 49
20 26
20 26
20 50
21 27
21 27
21 51
22 26
22 53
23 27
23 52
24 28
24 28
24 54
25 28
25 55
26 56
27 57
28 58
