3-chloro-12,13-dimethoxy-6-(4-phenylphenyl)-7,9,10,14~{b}-tetrahydroisoquinolino
63
Cl
O
O
N
N
C
C
C
C
C
C
C
C
C
C
C
C
C
C
C
C
C
C
C
C
C
C
C
C
C
C
C
C
C
C
C
H
H
H
H
H
H
H
H
H
H
H
H
H
H
H
H
H
H
H
H
H
H
H
H
H
H
H
0 22
1 17
1 28
2 18
2 29
3 5
3 6
3 10
4 12
4 12
4 14
5 7
5 11
5 36
6 8
6 37
6 38
7 9
7 13
7 13
8 9
8 39
8 40
9 15
9 15
10 12
10 41
10 42
11 14
11 14
11 16
12 19
13 17
13 43
14 20
15 18
15 44
16 21
16 21
16 45
17 18
17 18
19 23
19 23
19 24
20 22
20 22
20 46
21 22
21 47
23 25
23 48
24 26
24 26
24 49
25 27
25 27
25 50
26 27
26 51
27 30
28 52
28 53
28 54
29 55
29 56
29 57
30 31
30 31
30 32
31 33
31 58
32 34
32 34
32 59
33 35
33 35
33 60
34 35
34 61
35 62
