4-[(3-carboxy-2-hydroxynaphthalen-1-yl)methyl]-3-hydroxynaphthalene-2-carboxylic
76
Cl
O
O
O
O
O
O
N
N
N
N
N
C
C
C
C
C
C
C
C
C
C
C
C
C
C
C
C
C
C
C
C
C
C
C
C
C
C
C
C
C
C
C
C
C
C
H
H
H
H
H
H
H
H
H
H
H
H
H
H
H
H
H
H
H
H
H
H
H
H
H
H
H
H
H
H
0 45
1 24
1 70
2 23
2 71
3 41
3 74
4 42
4 75
5 41
5 41
6 42
6 42
7 12
7 22
7 25
8 12
8 32
8 32
9 25
9 25
9 32
10 25
10 66
10 67
11 32
11 72
11 73
12 18
12 19
13 14
13 15
13 46
13 47
14 16
14 23
14 23
15 17
15 24
15 24
16 20
16 31
16 31
17 21
17 30
17 30
18 48
18 52
18 53
19 49
19 50
19 51
20 29
20 34
20 34
21 28
21 33
21 33
22 35
22 35
22 36
23 26
24 27
26 29
26 29
26 42
27 28
27 28
27 41
28 55
29 54
30 37
30 57
31 38
31 56
33 39
33 58
34 40
34 59
35 43
35 60
36 44
36 44
36 61
37 39
37 39
37 62
38 40
38 40
38 63
39 64
40 65
43 45
43 45
43 68
44 45
44 69
