5-acetamido-3-[(3,4-dimethylphenyl)diazenyl]-4-hydroxynaphthalene-2,7-disulfonic
52
S
S
O
O
O
O
O
O
O
O
N
N
N
C
C
C
C
C
C
C
C
C
C
C
C
C
C
C
C
C
C
C
C
H
H
H
H
H
H
H
H
H
H
H
H
H
H
H
H
H
H
H
0 3
0 5
0 5
0 6
0 6
0 17
1 4
1 7
1 7
1 8
1 8
1 20
2 16
2 37
3 39
4 42
9 23
9 23
10 15
10 23
10 36
11 12
11 12
11 21
12 24
13 14
13 15
13 15
13 16
14 18
14 19
14 19
15 22
16 21
16 21
17 18
17 18
17 21
18 33
19 20
19 34
20 22
20 22
22 35
23 30
24 27
24 27
24 28
25 26
25 26
25 27
25 31
26 29
26 32
27 38
28 29
28 29
28 40
29 41
30 43
30 44
30 45
31 46
31 47
31 48
32 49
32 50
32 51
