5-amino-3-[[4-[4-[(8-amino-1-hydroxy-3,6-disulfonaphthalen-2-yl)diazenyl]phenyl]
80
S
S
S
S
O
O
O
O
O
O
O
O
O
O
O
O
O
O
N
N
N
N
N
N
C
C
C
C
C
C
C
C
C
C
C
C
C
C
C
C
C
C
C
C
C
C
C
C
C
C
C
C
C
C
C
C
H
H
H
H
H
H
H
H
H
H
H
H
H
H
H
H
H
H
H
H
H
H
H
H
0 6
0 10
0 10
0 13
0 13
0 28
1 7
1 11
1 11
1 12
1 12
1 29
2 8
2 14
2 14
2 15
2 15
2 38
3 9
3 16
3 16
3 17
3 17
3 39
4 33
4 66
5 32
5 67
6 68
7 69
8 71
9 70
18 30
18 62
18 63
19 31
19 64
19 65
20 22
20 22
20 40
21 23
21 23
21 41
22 46
23 47
24 27
24 31
24 31
24 32
25 26
25 30
25 30
25 33
26 34
26 36
26 36
27 35
27 37
27 37
28 34
28 34
28 40
29 35
29 35
29 41
30 42
31 43
32 41
32 41
33 40
33 40
34 57
35 56
36 38
36 58
37 39
37 59
38 42
38 42
39 43
39 43
42 60
43 61
44 45
44 48
44 48
44 51
45 49
45 49
45 50
46 52
46 52
46 54
47 53
47 53
47 55
48 52
48 72
49 53
49 73
50 55
50 55
50 75
51 54
51 54
51 74
52 76
53 77
54 78
55 79
