5-~{tert}-butyl-2-[4-[2-(4-phenylphenyl)ethenyl]phenyl]-1,3-benzoxazole
60
O
N
C
C
C
C
C
C
C
C
C
C
C
C
C
C
C
C
C
C
C
C
C
C
C
C
C
C
C
C
C
C
C
H
H
H
H
H
H
H
H
H
H
H
H
H
H
H
H
H
H
H
H
H
H
H
H
H
H
H
0 10
0 12
1 9
1 12
1 12
2 3
2 4
2 5
2 6
3 7
3 7
3 8
4 33
4 34
4 35
5 36
5 37
5 38
6 39
6 40
6 41
7 9
7 42
8 11
8 11
8 43
9 10
9 10
10 11
11 44
12 13
13 14
13 14
13 15
14 17
14 45
15 18
15 18
15 46
16 17
16 17
16 18
16 19
17 47
18 48
19 22
19 22
19 49
20 22
20 24
20 24
20 25
21 23
21 26
21 26
21 27
22 50
23 28
23 28
23 29
24 26
24 51
25 27
25 27
25 52
26 53
27 54
28 30
28 55
29 31
29 31
29 56
30 32
30 32
30 57
31 32
31 58
32 59
