6,7-dichloro-1,4-bis(4-methylanilino)anthracene-9,10-dione
54
Cl
Cl
O
O
N
N
C
C
C
C
C
C
C
C
C
C
C
C
C
C
C
C
C
C
C
C
C
C
C
C
C
C
C
C
H
H
H
H
H
H
H
H
H
H
H
H
H
H
H
H
H
H
H
H
0 21
1 20
2 12
2 12
3 13
3 13
4 9
4 19
4 36
5 8
5 18
5 37
6 7
6 9
6 9
6 12
7 8
7 8
7 13
8 14
9 15
10 11
10 13
10 16
10 16
11 12
11 17
11 17
14 15
14 15
14 34
15 35
16 20
16 38
17 21
17 39
18 23
18 23
18 25
19 22
19 22
19 24
20 21
20 21
22 29
22 41
23 28
23 40
24 31
24 31
24 43
25 30
25 30
25 42
26 28
26 28
26 30
26 33
27 29
27 29
27 31
27 32
28 44
29 45
30 46
31 47
32 48
32 51
32 52
33 49
33 50
33 53
