9,19-diphenyl-1,11-diazahexacyclo[9.9.2.0^{2,7}.0^{8,21}.0^{12,17}.0^{18,22}]doc
54
O
O
N
N
C
C
C
C
C
C
C
C
C
C
C
C
C
C
C
C
C
C
C
C
C
C
C
C
C
C
C
C
C
C
C
C
H
H
H
H
H
H
H
H
H
H
H
H
H
H
H
H
H
H
0 14
0 14
1 15
1 15
2 4
2 10
2 14
3 5
3 11
3 15
4 5
4 5
4 6
5 7
6 9
6 12
6 12
7 8
7 13
7 13
8 11
8 16
8 16
9 10
9 17
9 17
10 21
10 21
11 20
11 20
12 15
12 18
13 14
13 19
16 23
16 37
17 22
17 36
18 27
18 27
18 28
19 26
19 26
19 29
20 24
20 39
21 25
21 38
22 25
22 25
22 40
23 24
23 24
23 41
24 42
25 43
26 30
26 44
27 31
27 45
28 32
28 32
28 47
29 33
29 33
29 46
30 34
30 34
30 48
31 35
31 35
31 49
32 35
32 51
33 34
33 50
34 52
35 53
