[2-methoxy-4-[4-[[3-methoxy-4-(quinolin-4-ylazaniumyl)phenyl]sulfamoyl]butylsulf
90
Cl
Cl
S
S
O
O
O
O
O
O
N
N
N
N
N
N
C
C
C
C
C
C
C
C
C
C
C
C
C
C
C
C
C
C
C
C
C
C
C
C
C
C
C
C
C
C
C
C
C
C
C
C
H
H
H
H
H
H
H
H
H
H
H
H
H
H
H
H
H
H
H
H
H
H
H
H
H
H
H
H
H
H
H
H
H
H
H
H
H
H
2 6
2 6
2 7
2 7
2 10
2 18
3 4
3 4
3 5
3 5
3 11
3 19
8 26
8 50
9 27
9 51
10 20
10 60
11 21
11 61
12 22
12 30
12 62
12 63
13 23
13 31
13 64
13 65
14 39
14 42
14 42
15 38
15 43
15 43
16 17
16 18
16 54
16 55
17 19
17 52
17 53
18 58
18 59
19 56
19 57
20 24
20 24
20 29
21 25
21 25
21 28
22 26
22 26
22 32
23 27
23 27
23 33
24 26
24 67
25 27
25 66
28 33
28 33
28 69
29 32
29 32
29 68
30 34
30 36
30 36
31 35
31 37
31 37
32 70
33 71
34 39
34 40
34 40
35 38
35 41
35 41
36 42
36 72
37 43
37 73
38 45
38 45
39 44
39 44
40 46
40 74
41 47
41 75
42 77
43 76
44 48
44 78
45 49
45 79
46 48
46 48
46 81
47 49
47 49
47 80
48 82
49 83
50 84
50 85
50 86
51 87
51 88
51 89
