carbonmonoxide;rhodium;triphenylphosphane;bromide
72
Rh
Br
P
P
O
C
C
C
C
C
C
C
C
C
C
C
C
C
C
C
C
C
C
C
C
C
C
C
C
C
C
C
C
C
C
C
C
C
C
C
C
C
H
H
H
H
H
H
H
H
H
H
H
H
H
H
H
H
H
H
H
H
H
H
H
H
H
H
H
H
H
H
0 41
2 5
2 9
2 10
3 6
3 7
3 8
4 41
4 41
4 41
5 16
5 16
5 20
6 11
6 11
6 18
7 12
7 12
7 19
8 13
8 13
8 17
9 14
9 14
9 21
10 15
10 15
10 22
11 23
11 42
12 24
12 43
13 25
13 44
14 27
14 45
15 28
15 46
16 26
16 47
17 32
17 32
17 50
18 30
18 30
18 48
19 31
19 31
19 49
20 33
20 33
20 51
21 29
21 29
21 52
22 34
22 34
22 53
23 40
23 40
23 55
24 39
24 39
24 56
25 38
25 38
25 57
26 37
26 37
26 54
27 36
27 36
27 58
28 35
28 35
28 59
29 36
29 64
30 40
30 60
31 39
31 61
32 38
32 62
33 37
33 63
34 35
34 65
35 67
36 68
37 69
38 70
39 71
40 66
