disodium;4-[2-[4,6-dioxo-5-[(4-sulfonatonaphthalen-1-yl)hydrazinylidene]cyclohex
58
S
S
Na
Na
O
O
O
O
O
O
O
O
N
N
N
N
C
C
C
C
C
C
C
C
C
C
C
C
C
C
C
C
C
C
C
C
C
C
C
C
C
C
H
H
H
H
H
H
H
H
H
H
H
H
H
H
H
H
0 4
0 5
0 5
0 6
0 6
0 20
1 7
1 8
1 8
1 9
1 9
1 21
10 38
10 38
11 39
11 39
12 14
12 22
12 54
13 15
13 23
13 55
14 36
14 36
15 37
15 37
16 18
16 20
16 28
16 28
17 19
17 21
17 29
17 29
18 22
18 30
18 30
19 23
19 31
19 31
20 24
20 24
21 25
21 25
22 26
22 26
23 27
23 27
24 26
24 42
25 27
25 43
26 44
27 45
28 32
28 46
29 34
29 47
30 33
30 48
31 35
31 49
32 33
32 33
32 50
33 51
34 35
34 35
34 52
35 53
36 38
36 39
37 38
37 40
39 41
40 41
40 41
40 56
41 57
