tetrasodium;[2-(1-amino-9,10-disulfonatooxyanthracen-2-yl)-5-sulfonatooxynaphtho
70
S
S
S
S
Na
Na
Na
Na
O
O
O
O
O
O
O
O
O
O
O
O
O
O
O
O
O
N
N
C
C
C
C
C
C
C
C
C
C
C
C
C
C
C
C
C
C
C
C
C
C
C
C
C
C
C
C
C
H
H
H
H
H
H
H
H
H
H
H
H
H
H
0 9
0 13
0 14
0 14
0 15
0 15
1 10
1 16
1 17
1 17
1 18
1 18
2 11
2 19
2 20
2 20
2 21
2 21
3 12
3 22
3 23
3 23
3 24
3 24
8 34
8 43
9 33
10 38
11 39
12 40
25 35
25 43
25 43
26 32
26 64
26 65
27 28
27 32
27 33
27 33
28 38
28 38
28 46
29 30
29 39
29 39
29 44
30 40
30 40
30 45
31 32
31 32
31 43
31 47
33 36
34 35
34 44
34 44
35 45
35 45
36 37
36 48
36 48
37 38
37 49
37 49
39 41
40 42
41 42
41 50
41 50
42 51
42 51
44 56
45 57
46 47
46 47
46 58
47 59
48 52
48 60
49 53
49 61
50 54
50 62
51 55
51 63
52 53
52 53
52 66
53 67
54 55
54 55
54 68
55 69
